0	1	2	3	4	5	6	7
Tfdp1/2/3.2	0.676979878451155	0.659651402187715	0.361121073970422	0.120119067681897	0.600997100936241	0.83371891631591	0.00922075498824014	0.133306519859649
Arf1/2/3/4/5/6	0.123936166900083	0.352990999489351	1	0.256947311670012	1	0.358473936353592	0.276913187952943	0.265236693126341
Etv1/4/5	1	1	0.499461192019133	0.739761980568504	0.514290131172752	0.600216147025811	0.127460173704023	1
Nfe2l1/2/3	1	0.656527830897797	1	0.433746911352525	0.596357892843616	0.831696669373841	0.645726215893435	0.466890987123887
Ceh-31.2	0.532980526776332	0.252956402607715	0.891735020440929	0.326739251700211	0.119331922942896	1	0.910167718728457	0.315612355650913
Hoxb1.3	0.816719324511103	0.0568907576818971	0.935287591969273	0.201716460631137	0.603127507525293	0.350394190497908	0.00816610991666022	0.320848114577644
Her	0.000440637978783744	0.656527830897797	0.854747358654296	0.18326337839874	0.796339969756104	0.831696669373841	0.362036755666881	1
Foxj2/3.3	0.163906306756432	0.745311790915875	0.418376583018374	0.8464681338586	0.177141395992236	0.0420131603	3.98622823727667e-05	0.111302986252744
Arx.4	0.487199395934623	0.0327651968126641	0.478327563494621	0.192514831450395	0.130082347659469	0.815626801816929	0.0017252844354293	1
Tbx20.3	0.0336762743873854	0.424081128226456	0.258217660438312	0.744930763455495	1	1	0.7111135740052	1
Znf143	0.568802568137323	0.357976050467951	0.804980781465901	0.462370005131201	0.465388673156376	0.244352735400336	0.212231239770615	0.283140281047854
Nr6a1.1	0.812004250062707	0.312443295849349	0.835585288483226	0.365285597359053	1	0.144505966911025	0.292136494986239	0.381786240973754
Tlx1/2.1	0.890222167000292	0.00510050804469393	0.808890400653339	1	0.304568321303579	0.780405872872372	0.00337882265549803	1
Rx/3	0.479172878559672	0.132262501525498	0.221933656930568	0.556506832293386	0.132879806690224	0.476694875869146	1	0.396857251201334
Zic1/2/3.4	0.019951315751859	0.427612113125214	0.666276191843552	0.756247688574692	1	0.800368891340719	0.366971189267503	0.35847278193507
Cdc5l	0.735766452252996	0.157939181207427	0.0699761173337045	1	0.398618025118015	0.732816825996433	1	1
Mybl1/2	0.276441938855599	1	0.229129427595228	1	0.162122924827641	0.718334033165473	0.797413297081153	1
Tp53/63/73	0.420254070198828	1	0.344070049343558	1	1	0.577536467497815	0.025679978330514	0.309183277220467
Uncx4.1.5	0.307633360844742	0.791752228634943	1	1	1	0.30817602851033	0.0138765729271271	1
Atf1.40	0.55304262608759	0.758863064962048	0.792361658102638	0.256947311670012	0.0110158865923065	0.358473936353592	0.66364619823671	1
KH.C1.1304	1	0.00916426331963805	0.412869666123988	0.831737921000389	0.59582563767875	1	0.0022881975433944	0.440118337225241
Hat1	1	0.507802665377923	0.785311262332675	0.697767547081029	1	0.349959033825176	0.0367035271995712	1
Barhl1/2.4	0.83437594519044	0.660300827456597	0.0538467296290068	0.513775469417822	0.513852145663528	0.598786837442268	0.0660414051748742	0.322916126527969
Grhl1/2/3	0.0581737425980848	0.0751748340460932	0.357696056009596	0.796397679871178	0.596357892843616	0.399832779903261	0.166752582942158	0.466890987123887
Sox14/21	0.477510446183699	0.382443454514841	0.604845019296782	0.103915341881978	0.657810980469019	0.550642217603809	0.436936366766435	0.452368875530756
Ppp1r13b	0.619884461991353	0.0183239397386577	0.829566440548937	0.762295723077513	1	1	0.00631344688523018	1
Dmbx1.2	1	1	1	1	0.616746603531867	1	0.201821370071233	1
Hoxa2b	0.831665594469063	0.910534073793073	0.0312984203382874	0.425498976390134	0.791089147052717	0.829588736041654	0.18474141443141	0.524290974397318
Hoxd3	0.403156450227254	0.273749268899801	0.146674087990128	0.120119067681897	0.123330393770804	0.676169867302748	0.096877928775824	1
Barhl1/2	0.479172878559672	0.223928851282647	0.537317231472927	0.371689091109464	0.559384371209611	0.813242514172071	0.864382964919471	1
Zeb1/2	0.167628232855521	0.767162770321539	0.463163941592613	0.723677331133313	0.724369924665919	0.168331256637551	1.50406215569441e-05	1
Hoxb2/3.58	0.242724205060908	0.530386927824669	0.798092949397969	0.718242357767949	1	1	0.390294845121514	1
Barx1/2.15	0.83437594519044	0.660300827456597	0.0538467296290068	0.513775469417822	0.513852145663528	0.598786837442268	0.0660414051748742	0.322916126527969
Hes1/2/4	0.262401766083185	0.81352960476875	0.845520327438625	0.774144342963581	0.579476830822633	0.166698189266242	0.327175894151652	1
Hoxc10/11.7	0.444449385428409	0.590537366448028	0.504214933912197	0.345155920444471	0.349198210997823	0.30870706744714	0.712948720995294	0.350508432430568
Klf10/11/2/4.1	0.0113443814588325	0.427612113125214	0.666276191843552	0.358429226096809	1	0.616156387156453	0.00148753128269811	1
Sox1/2/3	0.86134400784687	1	0.284258818354766	1	0.828810561109253	0.727971858460113	0.446945255289402	0.598713042712506
Ebf1/2/3/4.1	0.582786225780643	0.439042197970852	0.425162115755789	0.172584688697341	0.364777364029631	0.354360483778985	0.423460729330407	1
Ppp2r4;Prdm15	0.807176346437543	0.118760405159515	0.0151548207718136	0.762295723077513	0.0653550727094109	0.804377537955637	0.103294713817613	0.366339743942574
Hmbox1	0.341123768694028	0.500122743389885	0.091576632198099	0.160215943060267	0.0467189258746043	0.747324349626644	0.907090744074071	0.0937363940997363
Ybx1/2.2	0.84201084998621	0.0189030926014382	0.60215977665681	0.321661781594527	0.321995136506665	0.109411131555459	2.29872043697515e-07	0.154383119777974
Crebzf;Creb3l1/2/3;Crebbp.1	0.00402110092307139	0.828859163038543	0.231212194063031	0.146093197215985	0.55100545837781	0.491034690321206	0.0013447428630345	0.0198489866864595
Ets96b	0.776419003217608	0.0677290328109561	0.0476740761622197	1	1	0.0190979026534545	0.301636457741276	1
KH.C10.148	1	0.0662685487879357	0.459228964305471	0.462370005131201	0.267143572156796	0.0718467661764945	0.212231239770615	1
Xbp1.1	0.407077058662215	0.516131926753773	0.147759639546895	1	0.606081732127952	0.836121004696597	0.228759787302723	1
Yer130c	0.904604494726724	0.0227029316788742	0.67394604073718	2.31428792289713e-09	0.134745112125116	0.545570884239847	0.11362965414974	0.0434266161935502
Atf3.8	0.685537817703878	1	0.286401951257237	0.614605061869181	0.443781607212309	1	0.0752345920131848	1
Hey1/2.2	0.4845616259085	0.623628685974068	0.419870840617328	0.136899332063762	0.770550933983147	0.358847373295285	0.401346668000922	0.404254801862748
Tbp.7	0.167241378105541	0.301324008639207	0.0833069879739051	0.0868813118638493	1	0.3180266481153	0.0204027004551105	0.158673037270558
Mef2d	0.802712432708323	0.427612113125214	0.826451492921973	0.358429226096809	1	0.800368891340719	0.715431169375242	1
Six3/4/6.15	0.622184329425905	0.645237518962285	0.0441742426552476	0.784469087220791	0.5396992479798	0.581211762119384	0.00821510120272224	0.866895602910403
KH.C10.150.10	0.79142911178772	0.404237993132752	0.159326417458299	1	1	0.422745596589541	1	1
KH.C10.113.173	0.0295217425962454	0.408172325765288	0.305456044029084	0.3246691985895	1	0.0291807820774463	1.8675269284409e-07	0.517031084459203
Hoxc4/5.1	0.527136921825853	0.0288700402532871	0.211735042472493	0.422612674573618	0.69008042860136	0.421727294223073	1	1
Vdr	0.47278697580465	0.312443295849349	0.673658762036426	0.766714771189202	0.365965231380636	0.225054316786158	0.00062808752943167	1
Sf1	0.0268548439933197	0.247873952512412	1	0.726886457483232	0.080841458091792	0.577536467497815	0.00813488550389151	1
Creb3l3	0.865835900520104	0.209845229503946	1	1	1	0.299120986520362	0.454886211288739	0.0148612509574099
KH.C10.106.5	0.880526394191311	0.151224519962078	0.290598336025599	0.346664947628639	0.129111870184265	0.0956718392045229	0.0110182086486093	0.637095027353086
KH.C10.174.45	0.0524766029437771	0.377630127938137	0.155068375376996	1	0.102863228713076	0.0348336085436793	2.07497948038377e-08	0.630849167197947
Ap1s1/2	0.709118561740536	1	0.138934225819676	1	0.637435406144722	0.449826851005356	0.0556037629799487	1
Rbfox1/2/3	0.629530473016896	0.444273946709194	1	0.0714570147256368	1	0.472637412632005	0.603184904724651	0.381786240973754
Nkx2-1/4.18	0.816719324511103	0.0568907576818971	0.935287591969273	0.201716460631137	0.603127507525293	0.350394190497908	0.00816610991666022	0.320848114577644
Rel	0.251786151739223	0.1190811879802	0.0294052938720948	0.0357274608354752	0.535551886365002	0.244787149947059	0.118338929758133	0.629411413576268
Ets1/2.1	1	0.793009841232804	0.0762732788232767	0.756247688574692	1	0.123875006376352	0.0670165522370317	1
Gm10391	0.321568048470156	0.163500008293381	0.474066328905469	0.412326223571356	0.150230194646683	0.617945567625711	0.470707711077029	0.629411413576268
Fosl1/2	0.713281539361803	1	0.255478146331737	1	0.640882566055127	0.455892457785438	0.174310537468411	1
Thrb	0.766486969818592	0.354332082691422	0.116330263887594	0.260696613930598	0.718309166943528	1	0.390294845121514	0.274243535366778
Cog1	0.146931040679879	0.251369329460307	0.00663401615409426	0.0203795490780273	0.657902992104566	0.142438486037399	0.0117011370864817	0.573144243615454
Phox2b.2	0.629530473016896	0.617951451690668	0.206460484114075	0.365285597359053	0.766797777135831	0.329294713076111	0.726220445922389	0.381786240973754
Foxn1	0.143155893174658	0.539465572832621	0.306806769040401	0.855021374225173	0.279430801862154	0.461786837429575	0.0431136335182481	1
Lhx1/5	0.666082257354747	0.491661326892107	0.570073951782142	1	0.787931525045704	0.6620109879391	0.113631826780315	0.446778270500834
Srf	0.643339941314706	0.318991782177198	0.024584313394735	1	0.373107672499769	0.638238271838165	0.499374962534482	0.396857251201334
Arid3b	0.0407567250364693	0.151235116545253	0.00442581099495287	0.392845167827842	1	0.492136218597471	0.000696628858139896	0.618063849663787
Irf4/5	0.534576640205789	0.82919474053481	0.584387310279036	0.185852322931345	1	0.528991064092863	0.173985747039211	1
Foxa1/2/3.2	0.0751289656465666	0.642042180380577	0.0279038489716237	1	1	0.550774608680765	0.236677824803247	1
Esrrb.1	0.508134821401484	0.0824318289930186	0.778855617306641	0.675720625349938	1	0.741906065245047	0.346706153030485	0.228080936708829
Doc1/2/3	0.0468124946751934	0.431760577655587	1	0.205769342141017	0.114421285397262	0.315538651483563	0.284114934494784	1
Doc1/2/3.1	0.802712432708323	0.597937682243019	0.188521391010707	0.756247688574692	1	1	0.465498390320876	0.35847278193507
Aspdh	1	0.0501901133748717	0.83935336640752	0.564679585333397	0.770550933983147	0.814717361883201	0.310627017649726	0.404254801862748
Sox10/15/8/9.6	0.411959729185343	0.298432316310098	0.38640434151825	0.412326223571356	0.683774541734096	1	0.0301924690550232	1
Zbtb44	0.653203149296559	0.348089344365318	0.119087520358841	0.776768735973003	0.259765341751466	0.364225593380912	0.515591988872752	0.0176856718915781
Uncx	0.159273385285907	0.868962240391188	0.012957309400878	0.694798991468596	1	0.158331581309754	0.00837060490667821	1
Pknox1/2.1	0.615127537550597	0.424081128226456	1	0.744930763455495	1	0.30817602851033	0.037386830463977	1
Mycbp	0.0547277983480278	0.153922654716787	0.618283419201063	0.0889685854765963	0.476374592413667	0.847114827788245	0.326048298201977	1
Irf10/4/8.1	0.835787333967326	0.515345345214689	0.00550800387591831	0.0325110726466064	0.297142234100106	0.83371891631591	0.0022028626177796	1
Foxl1	0.862540347227018	0.235964720419621	0.00634423759840522	0.00639639343553216	0.914085601243897	0.432538442866481	0.000180681183641912	0.281086377968004
Nub.2	0.102445629578816	0.504262131393472	0.093245436460102	0.410096434745107	1	0.186208746850315	0.490371774214427	1
Pou2f1/2.6	0.313512199691036	0.720366625639692	0.235237908913914	1	1	0.501680057594322	0.0242087919101654	1
Far1/2	1	0.242063882266461	0.137941553973708	0.721119910264539	1	1	0.4117012370615	1
Maf.28	0.514748899723039	1	1	0.584473479742878	0.585483886152787	0.3824947719338	0.268643658467434	0.446778270500834
Mafg/1/2.5	0.0410278406085615	1	0.858565586736857	0.125936297899672	0.440314874281841	0.213664431823786	0.0515456093836343	0.48627450103683
Tbx19.13	0.223474268153927	0.513498895936714	0.293488601350818	0.0342043924367906	0.254884969007787	0.352853855704456	0.262353087435134	1
Hnf1a.6	0.713281539361803	0.844114702822713	1	0.239939030991283	0.351858559958955	0.346226271119944	0.135498991746624	0.551524603622223
KH.C12.695.2	1	1	0.615072627156772	1	1	1	0.027878427069397	1
Smad2/3.1	1	0.13470910693723	0.807578820251636	0.48886529743196	1	1	1	1
Foxk1/2.2	0.200982519589803	0.299590544211338	0.320341757189602	0.859132965165354	0.860119538216256	0.668421522394865	0.408313727119784	1
Rbpj.12	0.81850092503788	0.475643551944491	0.689108800846057	0.573273560682174	0.256143747201782	0.163511771257168	0.019605801639581	0.411561876837279
Runx1/2/3.13	0.262401766083185	0.230312796665469	0.559107352820275	0.0184679594503252	0.579476830822633	0.649981904639427	0.743736347877299	1
Ahr.2	0.42911412068541	0.785707948973557	1	0.320329812250888	1	0.0297592686972214	0.34356591005956	1
Hoxd12/9	0.570262086294489	0.547945332506148	0.738898073054805	0.00757222949299019	0.483450582614014	1	0.578829601266795	1
Hcm1.6	0.838681779946819	0.0238552278919545	0.423532271475677	0.899240123299461	1	0.18266526945538	0.000138502650958865	0.0525324571099547
Rfx4/6	0.475212948019813	0.618771443979332	0.679279186875944	0.7673448312062	0.0721545148127335	0.0283608546354587	0.490161890803868	1
Egr1/2/3/4	0.362820420541408	0.339038481378178	0.845520327438625	0.579632810465116	0.257510357711981	0.254996547279253	0.513356155699626	1
Nr1d1/2.140	0.307633360844742	0.584190022989369	0.500521919632507	0.744930763455495	0.517120195423658	0.30817602851033	0.037386830463977	0.342445493326908
Klf6/7	0.0658605236273585	1	0.42929335252047	0.718067589999649	1	1	0.276913187952943	0.265236693126341
Sp1/2/3/4/5/6/7/8/9	0.350190443594073	1	0.585961664818684	0.697767547081029	1	0.760261799449129	0.171453687161567	1
Pbx1/2/3/4.20	0.454451632506541	0.793009841232804	0.666276191843552	0.358429226096809	0.758144716014583	0.616156387156453	0.715431169375242	1
Lhx3/4.10	0.83437594519044	0.660300827456597	0.0538467296290068	0.513775469417822	0.513852145663528	0.598786837442268	0.0660414051748742	0.322916126527969
Myf5	0.55304262608759	0.352990999489351	0.294507272755495	0.256947311670012	0.257491550256352	0.0652428481479594	8.84461186410849e-05	0.265236693126341
Sox13/5/6	0.683119873079275	0.335589117394802	0.421724243826893	0.0414364286514707	0.055205638756249	0.607090453437563	0.00171127892627256	0.11986098192833
Scrt1/2.2	0.0863198574265775	0.715969978424901	0.362023336200825	1	1	0.500080612077789	1	1
Bach1	0.528050768501915	0.827050606555681	0.854747358654296	0.594516524531542	0.289766572597618	0.523491166544429	0.222861431196288	1
Zfp819	0.676979878451155	0.82919474053481	0.718219990742652	0.293781364142688	0.435375251397014	0.676169867302748	0.290125420200205	1
Med7	0.358243968424894	0.809662281469397	0.223279313775475	0.0141001975821957	0.139239172137403	0.48094478243673	0.866681317774809	1
Sp1/3/4/5	0.862649275189161	0.103320545257651	0.0230981798367767	0.000169132253599321	0.663543603493506	0.48710854100247	0.255303217512189	0.603640512434665
Hand/1/2	0.31321444401766	0.427612113125214	0.38532534599038	0.111113094069697	0.525544433673937	0.208590183008889	0.00148753128269811	1
Irf1/10/2/5.1	0.146931040679879	0.573368651177447	0.114023827847436	0.173502121714974	0.657902992104566	0.366205924311118	0.358551565360089	1
Tefb.12	0.887099598687708	1	1	0.376126281286997	0.380000185989982	0.254597017780372	0.0377632129981735	0.0491451761669612
E2F7/8.2	0.696442167794785	0.835659445539218	0.733211249618917	0.803478327116686	0.0225768358318795	0.549785396998909	0.0838684617716706	1
Gmeb1/2.12	0.629530473016896	0.312443295849349	0.53204568312321	1	0.365965231380636	0.626075350471925	0.159275167664095	0.381786240973754
Elf2.21	1	0.324750442859182	0.410285541714188	1	0.253914611942157	1	0.171453687161567	1
Tead1/3/4.2	0.245291402431149	0.0662685487879357	0.459228964305471	0.265849142035602	0.719563312418959	0.376860957984258	0.000431110144491236	1
Cdx1/2/4.3	0.101881719341659	0.012192518527713	0.428507419034091	0.655062196624011	0.495493255316565	0.715573599521018	0.895613984803314	1
Snapc1	0.51186653583838	0.48182181131946	0.331356066722071	0.580713257863788	0.262870259380407	0.510380357437058	0.00177830449325786	1
Hoxa10/3/9	0.465788590484385	0.431760577655587	0.387421656358479	0.205769342141017	0.764324331512784	0.458652002828479	1	1
Tfap4.4	1	0.453826118593837	0.593886478099579	0.331925189601214	1	0.490037475965552	0.637967419758228	1
Alx1/3	0.0256600164871199	0.295930657057156	0.0224833428341946	0.640953661350679	0.75880705003485	1	0.320724338546928	1
Smad1/5/9.2	0.763034212690363	0.521106406208788	1	0.438516365894572	0.257491550256352	0.762167109120803	0.128360883382622	1
Gabpa	0.568802568137323	0.357976050467951	0.804980781465901	0.462370005131201	0.719563312418959	0.376860957984258	0.212231239770615	1
Nr1h4/5	0.395530360117047	0.363737783705325	1	0.721119910264539	0.72160810675906	0.570045392613095	0.0629559621341144	1
Celf1/2	1	0.118760405159515	0.667015809276928	1	0.362764495881432	0.129417697042439	0.103294713817613	1
Hoxa5/6/7	0.878115619839892	0.746612354226774	0.788828506424806	0.704425508599784	0.847934255745989	0.757773573125525	0.91134733982806	0.634831610216353
Msx1/2/3.3	0.0819968324402415	0.651138494980398	0.00649065114567529	0.265210313119678	0.413623052984282	0.270493209738608	0.873502200989011	0.112971846241682
Nr1h2/3.3	0.678859434413586	0.385374297531593	0.265206990443748	0.617228575945801	1	0.39298639805812	0.546333623282244	0.148055413206949
Myf5/6.1	0.687734109454613	0.0888539459681632	0.000364329982368706	0.131280773993239	0.736585113237363	0.0774003133151156	2.93027845517547e-10	0.666078137646086
E2F/1/2/3.1	0.643339941314706	0.461652637030914	0.302901183095076	0.556506832293386	0.559384371209611	0.813242514172071	0.309372004309159	1
Cr855307.2	0.465788590484385	0.306459528638587	0.283103355010823	0.113560478676087	1	1	0.590087329372597	0.366339743942574
Creb3l1/2.9	0.241903436492288	0.485387175419286	0.0287657252232856	0.0589116644081347	0.0205426151231058	0.737974046075869	0.33334529590475	0.26128082767166
Pabpc1/2/3/4/6	0.522518208910192	0.505385610351868	1	0.590630159828088	0.59220105543525	1	0.44034903280481	1
Myf5/6.2	0.141701218799222	0.00639919536158497	0.000500383572411409	0.0443904254749181	0.217795134475353	0.106734018923814	4.5737639581043e-17	1
Rbpj.11	0.341660409446096	0.0430507582005504	1	1	0.236368505006628	0.246515807395837	0.0503433374951887	0.534596387102523
Pou4f1/2/3	0.82794249432386	0.362053016544418	0.252676400531438	0.582275841883763	0.0929506907375051	0.118650763143661	0.00611653423746888	1
Foxf1/2.1	0.567955955194559	0.00543871383422005	1	0.886125939387512	0.318674198668086	0.249176565933392	0.00954002183668004	0.727915743462476
Ssrp/1.1	0.477173404328797	0.262076551644686	0.755739531195289	1	0.265748978474912	1	0.195984174396564	0.583561120005944
SI:DKEY-154P10.3	0.64903567934212	0.471882763508317	1	0.376232055282507	1	1	0.614536474352193	1
Six4.25	0.670093808632179	0.655915449841412	0.711342389652214	0.476349433724393	0.0492040180443268	1	0.178506666628201	1
Bhlha15.1	0.395530360117047	0.553061250640576	0.0101537573094287	0.00461472731690789	0.72160810675906	0.570045392613095	1	0.291928272154036
Irf3	1	0.485387175419286	0.661377710189228	0.833986810849331	0.412066910455191	1	0.628435861494299	0.629317058393776
Zkscan1/14/17/2/3/6	0.242724205060908	0.0660775803853277	1	1	0.718309166943528	0.243035793790373	3.75853089690029e-05	1
Caup;Irx-C.23	0.0380461863354405	0.152090889507819	0.0215094964245661	0.394791460454697	0.0324036277331129	0.624369983178532	0.319772709163347	0.767157038487461
Usf1/2.17	0.313193020909782	0.361772144574485	0.253055142596953	0.717879075873771	0.202835668407432	0.305903249823405	0.111665175162516	1
Yy1/2	0.0202638596843063	1	0.30784663377334	0.626887332283684	1	0.0798596745922645	5.76930962353062e-06	1
Crol	0.908217043767702	0.0677148499446615	0.544154775077485	0.149930072878779	0.060310656512694	0.199624111356363	2.76665214403749e-06	0.277933656462087
Zfhx2/3/4	0.036202330290233	0.267483631064648	0.0354120459300478	0.256035396828455	0.707106437093479	0.128497884578779	0.0084751271812662	1
Rorb.10	1	0.290224031717092	0.778855617306641	1	1	0.327276022376839	0.64034620507462	1
P53	0.348993953243071	0.733083104659816	0.406688920933585	0.686613730958338	1	0.349522481738622	0.251052013467875	1
Atf4b1/2	0.000501407099604927	0.483423159544465	0.381616653795707	0.00107802604377028	0.80333411819513	0.158307676117795	0.0790519381916807	0.417240166178461
Foxs1	0.249370173027852	0.175517940548365	0.503054169541996	0.0242182928525548	0.0540170485462046	0.606906241261088	5.63005856968834e-06	0.685767500997969
Foxn2/3	0.29222048353348	0.166251830128709	0.230863915363102	0.59879508010275	0.7432032360888	1	0.00266453188254972	0.747848499615634
Met31/32	1	0.453598735610051	0.0874938872037224	0.658304256779844	0.503156047121682	0.858879974307495	0.241576143172355	1
Six1/2.3	0.670093808632179	0.655915449841412	0.711342389652214	0.476349433724393	0.0492040180443268	1	0.178506666628201	1
Hes1/4/5.5	0.840242519497981	0.392033695020682	0.282451014188844	0.309544346122137	0.798123904415252	0.213664431823786	0.881725688853909	0.48627450103683
Bsh_chick	0.899747195191363	0.143198064215615	0.272164279768504	0.26884878465613	1	1	0.14106005937074	0.252528557871647
Batf/3	0.694690209172742	0.833712931672802	0.167880126925291	0.450233472328595	1	1	0.109444705716237	0.504955177271956
Tcf12/3/4.13	1	0.244561623295822	0.75309844833004	0.355162174363218	1	0.248836989572818	0.0279326176442154	1
Hnf4a.22	0.745418189569279	0.726145416972603	0.564529321272029	0.403227263858913	0.677717285682841	0.327276022376839	0.811583466211475	1
Msgn1	0.850321959924261	0.841707251020394	0.868272901721343	0.479595128994075	0.814385300984639	0.179346091263874	0.127579154358573	1
Tbx2/3.3	0.0802933174272089	0.764407781427476	0.459507789473134	0.475348107458634	1	0.773843189657168	0.682557930005144	1
Barx1/2.21	0.649343825976803	1	0.166410569566485	0.573273560682174	0.146240066460348	0.246162292317499	0.868663783684179	1
Nf1.2	0.269064433282113	1	0.846009571552756	1	0.162051740245952	0.651575808341122	0.254481286226212	1
Isl1/2.23	0.847124873513578	0.152292764461655	1	0.327170218558559	0.469711361114728	0.434856691718732	0.0153583319719012	1
Gata2/3.101	0.776419003217608	0.764407781427476	0.320475763437375	0.475348107458634	1	1	0.682557930005144	1
Fli1	0.605687187720106	1	0.255460172937469	0.513801247474073	1	0.600216147025811	0.0568686371633471	1
Pou2f1/2/3.16	0.82794249432386	0.0181127629401079	0.448649394160788	0.176234494443746	1	0.828027989686836	0.263235862966987	0.43990728833268
Rfx/1/4.1	0.359734653874891	0.627524074108096	0.0712316278883515	1	0.146240066460348	0.359071479710078	0.0451160999970697	1
Bcl6	0.444449385428409	1	0.504214933912197	0.519759678258235	1	0.119745440089108	0.0245145857092366	1
Elf1/2.1	0.257619961994345	0.246362002994188	0.807578820251636	1	1	0.572913719046199	0.3184272533167	0.300608834358428
Cic.1	0.8727458127388	0.866928878457136	0.328874299018493	0.160215943060267	0.321297489547262	1	0.198582933267629	0.630568235226315
Pax7.4	1	1	1	1	0.766797777135831	1	0.603184904724651	1
Ehf.7	0.790647681348233	0.0435203474209285	0.813612636166198	0.73067966000968	0.731761424884318	1	0.325111824878543	1
Prox1	1	1	0.724832646804081	1	1	0.24104076513128	0.139223647342239	1
Gsc.2	0.21082714527282	0.660695029717413	0.716947185622016	0.384538068079233	0.729280864788725	0.261981263652788	0.311230322687525	1
Rif1	0.324328242296608	0.610334453743404	1	0.516204022588706	1	1	0.465208394352559	1
Camta/1/2	0.574664159429251	0.767162770321539	0.628908511566881	0.48886529743196	0.0717782861051705	0.779536255630594	0.684710091707821	1
Xbp1	0.142761381633706	0.441499269366145	0.750590213789461	0.248827697793592	1	0.463381365278607	0.79208886754014	0.202595901105142
Erf.1	0.257619961994345	0.246362002994188	0.807578820251636	1	1	0.572913719046199	0.3184272533167	0.300608834358428
Fli1.2	1	0.798934335295315	0.138659357593333	0.541660999302815	0.766797777135831	0.329294713076111	0.386582176865988	1
Ci-Hsf	0.0564987914452357	1	0.221933656930568	0.556506832293386	0.559384371209611	0.638238271838165	0.0256983591392399	1
Otx1/2/5.1	0.508134821401484	0.50312415562396	0.0220812072428458	0.403227263858913	0.0765904962772222	1	0.64034620507462	1
Nfya.6	0.432814164949455	0.255931339283159	0.606377475503023	0.461649028939372	0.854547342145033	0.199049471173532	0.000163419865903573	0.0987752626078425
Foxn1.1	0.808731581054132	0.125090849567946	0.111852041821086	0.651834062719624	0.0705410552865188	0.466065736784883	0.536878100005614	0.121248244465823
Tcf7.76	0.0806395420505289	0.118760405159515	0.0802686720139337	0.205769342141017	1	0.315538651483563	0.103294713817613	1
Twistnb	0.362820420541408	0.81352960476875	0.0169297344967897	1	0.579476830822633	1	1.72386081845294e-05	1
Foxm1.1	1	0.326484580047211	0.685635280015231	1	0.702281632220601	0.877181183801444	0.652161760902968	0.633513203168252
Salm	0.277801174295416	0.477052522915908	0.0969248670989471	0.0873124958075761	0.73611755063483	0.413834562961214	0.139129686904209	0.191724172067224
Rx1/2/3.1	1	0.103890713938308	0.654870752680919	0.66648279057415	0.00832099995242131	0.730165694100613	0.533403154109821	0.613315183701972
Emx1/2.1	0.858020007880764	0.637515128227305	0.0709282170140472	0.822462927671438	0.371809509590672	0.928102332853482	0.0497890551007341	0.40259324750679
Max	0.327627339192625	0.492211749970414	0.886994663885588	0.014066165315078	0.100154083255826	0.255232220876469	1	0.629721509642237
Toe1;Egr1/4	1	0.427612113125214	0.826451492921973	0.524092959195234	0.758144716014583	0.123875006376352	0.857535294365354	0.35847278193507
Znf367	1	0.314179169310516	0.868272901721343	0.00757222949299019	0.483450582614014	0.179346091263874	0.331941560849127	1
Nkx6-1/2/3.15	0.83437594519044	0.660300827456597	0.0538467296290068	0.513775469417822	0.513852145663528	0.598786837442268	0.0660414051748742	0.322916126527969
Nfic.20	0.828585076927791	0.252256677165943	0.849831901218989	0.179731483529833	0.585483886152787	0.513431787081368	0.081936897221444	1
Cir1	0.373424148739619	0.161911742984622	0.120440282824267	0.708574550396384	0.0918694391317647	0.764240571366498	0.12844185261141	0.639677004434658
Foxg1.2	0.200729812992099	0.575832578067344	0.401270767617091	0.791162128991281	1	0.0673393930629634	0.213656965264419	0.738549202797076
Tcp1	1	0.626079278395574	0.114367231305913	1	0.591720835117541	0.639477315687812	1	1
Jun.19	0.000603010313452125	0.240721447404781	0.392747437860117	0.0183759984357045	1	0.778668600121985	0.185152452596807	0.83101691130304
Znf410.1	0.162406868213357	0.0836995641240753	0.542982179112452	0.564679585333397	0.567805168715441	1	0.089372954172133	1
Arnt/2.30	0.581247459564342	0.0791246869565613	1	0.169472155676908	0.73106239917601	0.48893821077966	0.0694086299830749	0.409297344818624
Nfil3.2	1	1	0.240828129000118	1	0.084282155751501	0.651575808341122	0.515591988872752	1
Foxe1/3	0.741136405786068	0.907626023183703	0.846699595024866	0.582548674637751	0.679083933706209	0.220284121332089	0.198018254235057	0.497074985967339
Glis1/3	1	0.0628179157095144	0.612833541497797	0.00588297565262331	0.469711361114728	0.23909151365502	0.397021154183306	1
Klf5	0.359734653874891	0.475643551944491	0.105967548434295	0.771860725716203	1	0.163511771257168	0.0948509626827493	0.411561876837279
Dmrta1/2.2	1	0.166927248644843	0.573773324689097	1	0.688779111277431	1	0.158564394950765	0.237541918314221
Rfx/1/2/3.8	0.150568330764914	0.123146382034347	0.53204568312321	0.766714771189202	0.54400257258255	0.472637412632005	0.0778955671239117	1
Nrf1	1	0.827050606555681	0.854747358654296	1	0.433968905130791	0.399832779903261	0.0907354566156883	1
Pitx1/2/3.4	0.650754175094709	0.632298507287595	0.232841327352185	0.579632810465116	0.153853875680148	0.819316135215011	0.409106580383874	1
Met31/32.1	0.802712432708323	0.597937682243019	0.666276191843552	1	0.199999884900191	0.311198265636393	0.715431169375242	0.35847278193507
Onecut/1/2/3	0.167639880019035	1	0.769623615589575	1	0.398618025118015	1	1	1
Nr5a1/2/5.40	0.587442964912718	0.391862384766622	0.479437419188305	1	0.511766490934131	1	0.242029225814041	0.317652894381235
Zic1/3/4/5/6.4	0.424113750781475	1	0.25409528808807	0.0977936119039559	0.512480668601636	0.791136286309411	1	0.326018963756398
Zic1/3/4/5/6	0.574664159429251	0.767162770321539	0.463163941592613	0.48886529743196	1	1	0.221013476909749	0.0488725304310737
Zic1/3/4/5/6.1	0.00795649375773785	0.513498895936714	0.788022236195662	1	0.711523713854084	0.760534484729024	0.661728369183092	1
KH.L149.36	0.862649275189161	0.466104070823022	0.171306914890589	0.282522869938782	0.523307621801808	0.381637158553757	0.0421234564019352	0.00229328618911845
Smad4	0.727193626262646	0.157267037917836	0.556999094165204	0.655225364499345	0.656828842856773	0.288110359904322	0.806944583774465	0.208806354628981
Hlh-4.5	1	0.478547193457558	0.328119738078653	0.0829018626868775	1	0.822346212783199	0.415737622898657	1
KH.C6.110	0.766486969818592	0.0660775803853277	0.443758273165133	0.450049696077233	0.718309166943528	1	0.196567779089271	1
Kdm2b	0.421108659664405	0.391862384766622	0.479437419188305	0.51193634057617	0.170503913092116	1	0.325111824878543	1
E2F2/4/5	0.317574847968431	0.833712931672802	0.299550729571834	1	0.211304055592597	0.313854742836343	0.469028363571916	1
Spib	0.373428527782483	0.815211829155595	0.331356066722071	0.779705354443666	0.581144584625405	0.0727801284278575	1	1
Tcf7l1/2.41	1	1	0.615072627156772	1	0.434483443333692	0.606816949707767	0.027878427069397	1
Gata4/5/6.1	0.580279823721266	1	0.810009120586844	0.726886457483232	1	1	0.690952031771867	1
Foxo/1/3/4/6.2	0.0977804318368053	0.110014669843227	0.628561553782318	0.862813723499257	1	0.0518164266424305	0.106964459795843	0.17639085405467
Ci-Pax2/5/8	0.287234626645668	0.574207262537686	0.533357242595053	0.500672327904014	0.658459080970795	0.858879974307495	0.362721369173366	1
Tfap2c.41	0.570778502501001	1	0.619260712080447	1	0.478641213689785	1	1	0.291928272154036
Zbtb17/24/41/48/49	0.776419003217608	0.764407781427476	0.806462905730815	0.721119910264539	0.72160810675906	1	0.0629559621341144	1
Dlx1.65	0.83437594519044	0.660300827456597	0.0538467296290068	0.513775469417822	0.513852145663528	0.598786837442268	0.0660414051748742	0.322916126527969
Lab	1	0.363737783705325	0.619260712080447	0.475348107458634	0.478641213689785	0.570045392613095	0.301636457741276	1
Nfkb1/2	0.00357627817505488	0.0210680986072183	5.85707006419961e-05	0.000958217827606294	0.123068845953029	0.58136212702741	3.15527865160969e-06	1
Ci-eag/Hcn/cng-diverged_3	0.236381120578031	0.318991782177198	1	1	0.132879806690224	0.813242514172071	0.736075549322992	1
Gli1/2/3.6	1	0.00518059635046014	0.849831901218989	0.786404000746565	0.585483886152787	0.513431787081368	0.0038876806004506	1
Foxp1/2/4.7	0.0690866595143661	0.0552642921562613	0.0802494229386109	0.412193729974478	1	0.402258933943704	0.146126251629456	1
Atf2/7.5	0.00135442714289778	0.787940537312027	0.21867159025968	0.0130071931101696	0.632828524138066	0.562228044714191	0.0556232547650702	0.431775347823069
Eng1b.107	0.738960505098946	1	0.559162551148387	0.833369475043937	0.833740718314437	0.311480571965549	0.903001490794715	1
Tbx1/10.2	0.34544132862963	0.802048909416643	1	0.548813637283197	0.369072298249194	0.473893992153851	0.730125908297721	0.389368107829736
Sox11/12/4	0.666082257354747	0.167426029167342	0.849831901218989	0.418786648376539	0.271473379135162	1	0.345570249524435	0.116971126429431
Hoxa10/4/7	1	0.0031557650170589	0.00472336897821294	0.0108002091003302	0.180920294573673	0.877600390668613	0.147672171404331	0.634831610216353
Hoxc13.1	0.424113750781475	0.575149829555842	0.25409528808807	0.308940168858777	1	0.284252275236098	0.6995812677656	1
Dlx2/3/5	0.399016245849806	0.0393554088491139	0.193325074498049	0.587270337114633	0.00409209469139976	0.391039098931659	0.876725411416289	0.453565199550997
Zip-3	0.000101159542614242	0.374916670066739	0.6661249581958	0.00106959144261038	0.661945089371926	0.32046707548142	0.164968459552363	0.281467017101081
Sox15/17/18	1	0.152292764461655	1	0.626887332283684	0.08843293732277	1	0.00269601244901833	1
Gsx1/2	0.040677785523444	0.0311967902900324	0.0354474479353138	1	0.668077560496516	0.392074568586896	0.00569305851602573	0.613315183701972
Ik	1	0.282414380080362	0.0740155724035362	0.750443256205588	0.520896267763661	0.796965055610602	0.356817770743384	0.350508432430568
En1/2	0.69991705997727	0.416567149465813	0.311914837497725	0.810245357453005	0.476374592413667	0.242278358896288	0.0108694208291579	0.528813236037737
Nr2f1/2/5.18	0.766486969818592	0.0660775803853277	0.798092949397969	1	1	0.561353599847896	0.390294845121514	0.274243535366778
Hand1/2	0.904604494726724	0.0227029316788742	0.00303798666007028	0.451699850662714	0.880858047300686	0.0688572892209557	3.21260263904411e-09	1
Dmrt2/3.23	0.727193626262646	0.715969978424901	0.362023336200825	0.655225364499345	0.182006456117973	0.724864628136473	0.615882662391031	1
Rest	0.650754175094709	0.230312796665469	0.69164181011184	1	0.579476830822633	0.360889762541565	0.00478383936181552	1
Cr848757.1	0.10082711052867	0.0543060439215502	0.340754891236852	0.818900245499197	0.251083489630102	1	0.110997821543564	0.202595901105142
Nr2c1/2.6	1	1	1	1	0.394780794373479	1	0.313712812699907	0.208806354628981
F1Nm26_chick.3	0.313929897441356	0.762627019044102	0.0571864179487657	1	0.587490884078748	0.309700428774049	0.0199071610297623	0.146868925577628
Ctcf	0.615127537550597	0.172873587376391	0.823000767408105	0.744930763455495	0.0460219012647868	0.117085522229988	0.0891497677491745	0.342445493326908
Elk1/3/4.2	0.5268294110736	0.10169201734342	0.410285541714188	0.697767547081029	0.420128836108599	1	0.362378631289925	1
Xbp1.2	0.57868300157051	0.0819257249308804	0.63013478850055	0.354498703356882	0.817799704922649	0.712832969537001	0.8936349931567	0.0473562573427095
Foxd1/2/3/5	0.162037694940399	3.27283594360954e-08	0.125481097727082	0.00136213609766255	0.326140053864718	0.0776536339009979	4.06097469851283e-05	0.592636209149325
Foxd4l1/2/3/4/5/6.54	0.305930625274805	0.171277612541206	0.822847822898925	1	0.514290131172752	0.0176061470008121	0.0116823054390164	0.334282747726829
Foxl1.1	0.350863208462473	0.475045639320826	0.000140438857820675	0.750043080105958	0.459828930027039	0.864357568177124	6.0221124064412e-07	0.44294841398653
Foxi1/3.1	0.615280353942097	0.176048005160721	0.661025433074832	1	0.349198210997823	0.615473662399399	0.0974995527380947	1
Foxi1/3	0.0703735100139299	1	0.291241515518228	1	1	0.313399338295528	0.00120345428944475	0.357499024237954
Foxi1/2.1	0.266562435759878	0.0262302112136866	0.389736430942368	1	0.281668115968424	0.264787837373184	0.000807517930105676	0.432955557335763
Nkx2-3.4	0.477173404328797	0.0599316095052047	0.27744907337146	1	0.658459080970795	0.592947312308622	0.439016775902605	0.216039577108718
Hmx1/3.15	0.741334758224589	0.161783046212739	0.883942178955936	1	0.213219815980006	0.613769755222851	0.020336637824565	0.26128082767166
Ppara.5	0.587442964912718	0.391862384766622	0.479437419188305	1	0.511766490934131	1	0.242029225814041	0.317652894381235
Pax6.1	0.793104345660974	0.263704534749489	0.499461192019133	0.513801247474073	1	1	0.253213982624893	1
Tbx1/15/18/22	0.00338525197159907	0.802048909416643	0.0359526745052859	0.368021660517876	0.767603790824693	0.00747185734509234	0.0550090517104484	1
Abi3bp	0.0424648891207329	0.764407781427476	1	0.721119910264539	0.72160810675906	0.248117662402731	0.0002141260191217	1
Klf12/3/8.4	0.587442964912718	0.572704491993124	0.345684548532168	1	1	0.79089838151583	0.0299195176665411	1
Lhx2/9.4	1	0.103890713938308	0.654870752680919	0.66648279057415	0.00832099995242131	0.730165694100613	0.533403154109821	0.613315183701972
Rxrg.18	1	0.758863064962048	1	1	1	1	0.827889912404772	1
Lmx1a.5	0.83437594519044	0.660300827456597	0.0538467296290068	0.513775469417822	0.513852145663528	0.598786837442268	0.0660414051748742	0.322916126527969
Lmx1a	1	0.702688568476163	0.153296138599445	1	0.657902992104566	0.586888331877545	0.048112189856377	0.573144243615454
Foxh1	1	0.815211829155595	1	0.167255017373095	0.405209561575008	0.825799726304012	1	1
Rarg.26	0.0691601027195894	0.761849837084704	0.606764594180622	0.260696613930598	0.261616148666723	0.130091685769789	0.00401953950365032	1
KH.C9.626	0.735766452252996	1	0.558762990032506	0.397962256224783	0.667020047464673	0.306678020991048	1	0.218502896861007
Srebf1/2.6	0.293817167800555	0.00338356131639218	0.854747358654296	0.18326337839874	0.596357892843616	0.523491166544429	0.166752582942158	1
Nr4a3.2	0.64903567934212	0.226922141624042	1	0.564679585333397	1	0.48094478243673	0.401346668000922	1
