0	1	2	3	4	5	6	7
Tfdp1/2/3.2	0.715554360475506	0.787028225658649	0.465507410162518	0.260450829989404	0.544787969911235	0.16117976675001	0.0187886006277654	0.870939213632648
Arf1/2/3/4/5/6	0.473999221838251	0.929342512078761	0.00996278571310082	0.140888381172376	0.371444828128733	0.802794261507427	0.474684746781982	0.669502972218549
Etv1/4/5	0.533111626168654	1	0.654023187682445	1	0.862785041043885	0.66352565076439	0.171207267715436	0.460389243183408
Nfe2l1/2/3	0.254446827459178	0.655062074124168	0.38613312024835	0.0685591388807122	0.45257800264297	0.833341214581565	0.588468284413711	0.471273741738779
Ceh-31.2	0.900251260871548	0.0690840740893254	0.772101434889867	0.757253469774998	0.00603428815689739	0.895615243362601	0.573449277452371	0.501486109592466
Hoxb1.3	0.609722490600833	0.0115302594871003	0.305741690761127	0.879295294069323	0.0593503007347419	1	0.82490384856737	0.0275092199870194
Her	0.281782329366342	0.00303597220281428	0.958304181278475	0.944404518558165	0.358819038244838	0.0576149941708536	0.387808703077357	0.287274861185611
Foxj2/3.3	0.450980838068546	0.0932580638646962	0.133870307163573	0.83017734275146	0.563295771564106	0.903380147211789	5.12925832677272e-07	0.00460291477886208
Arx.4	0.642503890129994	0.00107149620106133	0.886375341009159	0.785251105789365	0.236374897376293	0.516986609574732	0.662421197317732	0.859925838893965
Tbx20.3	0.112631424222595	0.461955741298649	0.00712778954777044	0.0273540675730973	0.0833484442201833	0.447189888165104	0.0853319683264899	0.594931444343497
Znf143	0.754791782707875	0.486519687042251	0.885526764755059	0.631048996613701	0.626295890255165	0.0860407026489502	0.888441597905622	1
Nr6a1.1	0.93233574808753	0.637102018176158	0.432572893589605	0.14251851011146	0.396110198559334	0.108328821321852	0.819064790443399	0.822750810708626
Tlx1/2.1	0.869203506132779	0.00271315488874696	0.0943428160028852	0.786765498750366	0.03993281659189	0.00331735681392947	0.843748253631624	0.884301333145368
Rx/3	0.689918295636773	0.790012627579289	0.825368317926575	0.92159675707413	0.550284021441227	0.31559341532627	0.615970288954952	0.829968433801641
Zic1/2/3.4	0.656479650458236	0.21610642227252	0.58398315590675	0.583687459415168	0.195771524764151	1	0.790224753160862	1
Cdc5l	0.0402156386454899	0.253826128245535	0.478794766596147	0.916358453529541	1	0.475349541190935	0.878263255878901	0.10348885435807
Mybl1/2	0.676363614450078	0.515884417853602	0.354906792725046	0.0996232629189524	0.75475946307129	0.162416372586316	0.500212601410354	1
Tp53/63/73	0.872311386872522	0.0393337804661775	0.182458721680859	0.843115078599194	0.763818562726819	0.448908559619394	0.718445723509078	0.28019198486477
Uncx4.1.5	0.703321678106339	0.670985782348538	0.104610062278119	0.0897148969843802	0.775247420318212	0.873121345805981	1	0.538880811116595
Atf1.40	0.314298343450198	0.863612510355844	0.475044780006937	0.923894306957549	0.28983410080042	0.5177073289149	0.237252657305043	0.676397771422841
KH.C1.1304	0.462316189516858	0.000104018480014511	0.694360683032638	0.811489901589971	0.412353343225625	0.491242258740455	8.46007546833576e-05	0.75703864472999
Hat1	0.0947097736659091	0.922244533556993	0.255513184267903	1	0.0153206805817018	0.0970511933225729	0.580779534034414	1
Barhl1/2.4	0.936385498250199	0.183008008536937	0.555579372722177	0.350269327679291	0.00836062479120674	0.900255813952459	0.351593387664276	0.456435602353813
Grhl1/2/3	1	0.93828385809924	1	0.731478918246057	0.544572813514849	0.770643777144429	0.381726525994989	0.0591962234344934
Sox14/21	1	0.187557436104153	0.833414734708384	0.399576027825054	0.0466537632727694	0.599771304387863	0.461678644974994	0.332127866351309
Ppp1r13b	0.0784262965501708	2.7771052163139e-05	0.309152159703127	0.52766400903159	0.0018302477634292	0.878046711314699	0.262869983913155	0.694344932973146
Dmbx1.2	0.0208321686052427	0.369584569275187	0.339106685923174	0.202757337667197	0.150078755311389	0.718264486925131	0.215059484269455	0.755344090425935
Hoxa2b	0.872819030728403	0.212839962270586	0.554255778257579	0.401531716360161	0.00706366733555006	0.966576886749629	0.332026656132812	0.454466272807793
Hoxd3	0.399122368433994	0.708457539705178	0.350658525969885	0.0162825635230983	0.599792242903868	0.00141279425212843	0.0964196704096515	0.822878583651516
Barhl1/2	0.482930214966869	1	0.329758381190636	0.744859850642243	0.660913619055143	0.269991534615429	0.477693357389432	1
Zeb1/2	0.579373039953801	0.00803549264230182	0.769967190906182	0.282423688118813	0.694120925787867	0.619968707518797	0.01547022482331	0.831987850859077
Hoxb2/3.58	0.244266123473531	0.517640741607464	0.840201590334935	0.323107697800849	0.2035056843	0.321639952011407	0.947974672542238	0.334386870229635
Barx1/2.15	0.936385498250199	0.183008008536937	0.555579372722177	0.350269327679291	0.00836062479120674	0.900255813952459	0.351593387664276	0.456435602353813
Hes1/2/4	0.576649377912373	0.213109134090786	0.358597232929426	0.358768339333323	0.216147188033436	0.696257340356453	0.468375007199049	1
Hoxc10/11.7	0.394982180768696	0.448566468280432	0.753548535450545	0.59976469139651	0.596106830779996	0.284698637960794	0.593414827045233	0.822750810708626
Klf10/11/2/4.1	0.181225981845202	0.709892355283235	0.757632402633753	0.0478392106063992	0.156563082629883	0.576097909175563	0.133404056604038	0.858994330837667
Sox1/2/3	0.362608560545038	0.206213987587735	0.141528721636903	0.623301901838123	0.723212152199722	1	0.385823394100844	0.446845688197758
Ebf1/2/3/4.1	0.0883804275944561	0.321154928622828	0.88118872918141	0.0888940205191041	0.613712659837233	0.30894707619932	0.167126487366282	0.27402852148058
Ppp2r4;Prdm15	0.516033307813238	0.809519594945778	0.789862597777355	0.0897385530035447	0.928300631146438	0.363463551630285	0.363508802668296	0.697257156474267
Hmbox1	0.338968577555505	0.046516637672415	0.813665992414123	0.81361614686801	0.00322550756181856	0.94673144939703	0.566714411921228	0.397502359457308
Ybx1/2.2	0.558510832475141	0.0247702498604294	0.952203992650521	0.574751320906053	0.291970386560452	0.196125746915754	1.26791995821559e-07	0.861447060313197
Crebzf;Creb3l1/2/3;Crebbp.1	0.0316402114285732	0.00296203003718012	0.0663011179809368	0.0023219378491178	0.229865382478296	0.613778315341598	0.00292137228758641	0.000174698727868069
Ets96b	0.552334168395643	0.509296238951504	0.53158383210813	0.296610402337026	0.832384725139767	0.212845480915338	0.446759341893068	1
KH.C10.148	0.747454051926062	0.720530571247214	0.710598235780675	0.551688989468406	0.228355128430443	0.238050525005688	0.564204072101081	0.828165587919707
Xbp1.1	0.213144369028315	0.355855093611462	0.622243767220438	0.511316691166811	0.767645206118078	0.0467907950198418	0.873169853716928	0.751540503345749
Yer130c	0.00064557822235906	0.00364580996209648	0.000458147479953146	0.238609172769238	0.0880085840233017	0.133257891944327	0.4068465834646	0.149194122707381
Atf3.8	0.816041990420714	0.34227112463239	0.252583941841414	0.213266594676522	0.629105912046703	0.144580317429568	0.676307397014417	0.536907695200441
Hey1/2.2	0.333070735890428	0.196570804897227	1	0.691424966515583	0.260020360954481	0.199654420909167	0.562525615713205	0.489658138586096
Tbp.7	0.00515698323580629	0.92513141381296	0.012485115886568	0.348816389243875	0.833184541364288	0.859894898894663	0.32541182573987	0.822829157005151
Mef2d	0.0396364112157843	0.153426495345309	1	0.916358114857534	0.395442247950139	0.928610799271944	0.166926755670303	0.498273833919506
Six3/4/6.15	0.209602256322054	0.98431786069861	0.197327065518331	0.432992873823503	0.860245338193886	0.725190734749551	0.668381462230317	0.172258505600385
KH.C10.150.10	0.399122368433994	0.222613285759664	0.213456949794752	0.677620663613529	0.46231227567386	0.536573315640603	0.70557713961967	0.255185174726674
KH.C10.113.173	0.0489806685942254	0.257211578549097	0.3799907569557	0.314898278022843	0.865690074993136	0.154684697364241	0.00864183033944475	0.465164808895909
Hoxc4/5.1	0.654531450249035	0.739941152054022	0.0659897355527947	0.0751047505712409	0.57711873924879	0.754907084446827	0.8582360116209	0.232022763519756
Vdr	0.1509032588539	0.401676870430692	0.577075243567207	0.642188410157385	0.509646365798304	0.812409359582245	0.00984507820859123	0.0394036652253777
Sf1	0.154689440144779	0.677258778456218	0.782161360528001	0.85375760601729	0.226017060789291	0.347573960218992	0.000156556652642762	1
Creb3l3	0.849320138399576	0.560980591930653	0.12462790918871	0.14295200801827	0.594415089556982	0.111303808197311	0.0295986486121931	0.00494813127654921
KH.C10.106.5	0.0580019076856067	0.854466009663598	0.00960569187929526	0.0838671485433584	3.01332498669752e-05	0.0309033723308816	0.0161226665454578	0.510050905963765
KH.C10.174.45	0.83776501042485	0.0711264183092138	0.200502688822295	0.785782130557572	0.9843475747063	0.644292616688102	0.000653655401346028	0.179646101211018
Ap1s1/2	0.887009884938189	0.113443185535235	0.0417277857582382	0.792809221684982	0.479824669157219	0.180216175019951	0.0851309204000572	0.849696282736858
Rbfox1/2/3	0.706046133686776	0.0923533230199476	0.675807913301622	0.926001148957415	0.157152109549818	1	0.734573096697041	0.0137915621724346
Nkx2-1/4.18	0.609722490600833	0.0115302594871003	0.305741690761127	0.879295294069323	0.0593503007347419	1	0.82490384856737	0.0275092199870194
Rel	0.00845172632607576	0.107986391955629	4.94619667302202e-05	0.00143192513282335	0.000395214778855122	0.305105702866501	6.5990909315604e-05	1
Ets1/2.1	0.314338885491379	0.726437821986919	0.245250763397936	0.587351984739036	0.272660352317708	0.0410360412238564	0.236165425515215	0.866960445027549
Gm10391	0.155489908543846	0.547855713456317	0.0698047951339567	0.738473278899404	0.273320969466356	0.776881302954524	0.301732099222629	0.0287232719454759
Fosl1/2	0.779654908233873	0.160754516707355	0.332340178205834	0.862938111186394	0.601342787106445	0.212189257099492	0.414147014226124	0.850799214116617
Thrb	1	0.169061721780066	0.939423749511474	0.0424283483467822	0.472185129027232	0.730548056046728	0.0179665583549307	0.264616700770328
Cog1	0.0681006545070036	0.115266451817739	0.574955547239648	0.317875980322338	0.556148549095709	0.887747623712476	0.000127092115195991	0.369914848657334
Phox2b.2	1	0.931238227648558	0.720342542207783	1	0.562142998688538	0.464912777403063	0.0432558107767302	0.837730377203169
Foxn1	0.303028012267339	0.131547736732769	0.394637051284742	0.592820676252715	0.104617438252286	0.334403973601493	0.000535328765897741	0.663487140797107
Lhx1/5	1	0.0318734100000452	0.337042382275588	0.521809302083919	0.926255898290478	0.484130171122769	0.205600703916885	0.841603769509448
Srf	0.88046174967434	0.615294687652514	0.57787099885446	0.642430942841248	0.049006274790487	0.813303459056335	0.279206478430595	0.309099859786572
Arid3b	0.372194727390499	0.363506731115235	0.192569196237503	0.463084180112484	0.781030979973702	0.815563450806419	0.229460601482311	0.693321372081012
Irf4/5	0.725827219002266	0.311226129888943	0.604415655924925	0.341344379801337	0.222252247592119	0.00657510598840709	0.231683042180476	0.850663769696817
Foxa1/2/3.2	0.0218714852581133	0.692069988289827	0.188182151471747	0.232996801202795	0.309979040416296	0.0328858681857071	0.0135580381647657	0.221123557592011
Esrrb.1	0.801313073372014	0.851844032208054	0.0746916700256896	0.678442358451956	0.46334986722788	1	0.706305688150452	0.256296722998329
Doc1/2/3	0.0330496076908189	0.335763781089543	0.0564017583765412	0.13969812388336	0.0304809264777384	0.57663776474633	0.0195097184765235	0.593502389700656
Doc1/2/3.1	0.487091324765856	0.168353984974917	0.175796935737179	0.633505814720988	0.148447094336915	0.292613675095769	0.0828523257427418	1
Aspdh	0.478406030275945	0.615725289260945	1	0.524795718680751	0.260676126342621	0.78722764490312	0.00768778608680098	0.862958356651205
Sox10/15/8/9.6	0.594392537127006	0.604635912343985	0.80579241742876	1	0.455170865951972	0.889134391682068	0.209402857199292	0.859139313794396
Zbtb44	0.877143359010792	0.54638396957009	0.830221448658842	1	0.699503452885732	0.685185983598393	0.889594533858894	1
Uncx	0.307652982297325	0.0407546520357495	0.116600189338679	0.933161221086658	0.235282207305609	0.569545536537078	0.541877732942542	0.0996220403011015
Pknox1/2.1	0.657506395614643	0.259652740973193	0.0301405311737909	0.274141113126358	0.692651261064941	1	0.954612828900163	0.614130380261659
Mycbp	0.0498886013074779	0.00272936909954863	0.254889083328532	1	1.35933834135081e-05	0.000983698206210483	0.546272140222771	0.0513117631751455
Irf10/4/8.1	0.460946082127275	0.869742165766926	0.453544737795147	0.0561389491136072	0.580921114800791	0.39604763615202	0.18487675084708	0.428747214645135
Foxl1	0.213339504978362	0.0116101375001529	0.040165804881655	0.249890341468737	0.698263950338907	0.22619830783005	0.0379650090097233	0.405486822360215
Nub.2	0.13672492689271	0.299796874061137	0.0389450978305971	1	0.162491854227605	0.329126630950498	0.0786448142029578	1
Pou2f1/2.6	0.207559345193002	0.907531204762099	0.120915863131014	0.437420254165286	0.0351551401539752	1	0.509598700763074	0.0840611902503656
Far1/2	0.567332281454183	0.047694976832677	0.37941321405443	0.347488696600207	0.579464862133385	0.182967912681859	0.0769220214137017	0.305455955425502
Maf.28	0.223834569097274	0.45271488135729	0.900841468940288	1	1	0.831954785263164	0.951641534622135	1
Mafg/1/2.5	0.849013655086047	0.0901391588416583	0.481760029255265	0.434484822679714	0.87437842972929	0.79029311483836	0.4590711951238	0.495146417102497
Tbx19.13	0.609779031123899	1	0.00358372092376569	0.17167484217515	0.671717332787866	0.789552354161115	0.169529307217689	0.645507585441517
Hnf1a.6	0.776922993763772	0.874683129789005	0.844402624543043	0.727279309851525	0.536299976453796	0.266103277183644	0.252101530039042	0.849832246918524
KH.C12.695.2	0.89434086628788	0.180675688642185	0.538295488875868	0.409102141243315	0.505320468594003	0.401837348802757	0.550489387491198	0.14650432784658
Smad2/3.1	0.374523943842068	0.826293131757919	0.145360321586982	0.222352965449065	0.80633179933125	0.120644603785019	0.111520895660845	1
Foxk1/2.2	0.755511970627951	0.137433043424489	0.233475640973813	0.170144145398382	0.50614171193113	0.608337320631142	0.162299796462148	0.284075615984027
Rbpj.12	0.412891007301011	0.0567740040150032	0.242446385538158	0.927097313211902	0.0632653904134425	0.586075596024976	0.0949747428091621	0.42741093571172
Runx1/2/3.13	0.267522741037172	0.945348506946726	0.909463810193101	0.447157262416637	0.398850402616448	0.796261905136771	0.698916793576673	0.00777055987590233
Ahr.2	0.0544752142195432	0.594077619162672	1	0.342440376448575	0.474816013116499	0.420784899129294	0.931323733683834	0.799183031441638
Hoxd12/9	0.35704574511061	0.608319322204015	0.302282303287988	0.330523071102647	0.742999768326669	0.301144149708118	0.37550032124111	0.294968006229965
Hcm1.6	0.0896836298321524	0.0135507962420434	1	0.452846699903579	0.41617432994355	0.855482978470722	2.38681446140066e-05	0.0101850141969125
Rfx4/6	0.945287912917418	0.252261004578585	0.703340909677648	0.671757793632637	0.0397152907371196	0.428436523586775	0.666127262595887	0.357246782476259
Egr1/2/3/4	0.334993179226183	0.949729935519612	0.373868228766504	0.779737550531407	0.157448121341368	0.172557139387709	0.760144636596405	0.364406332705995
Nr1d1/2.140	0.652351706800832	0.503071659113815	0.165255711769099	0.642706808573443	0.0754767263360289	0.582120586397102	0.137828474235843	0.426010554602918
Klf6/7	0.711656150475798	0.100235067774348	0.0878653481763283	0.0360935516470289	0.85397300177857	0.588105581123975	0.550478015438059	0.0454398287309532
Sp1/2/3/4/5/6/7/8/9	0.542055791655892	0.497465380809679	0.832741200023281	0.0899940240332446	0.924340225385662	0.150325735365018	0.891290684510302	0.303700318836177
Pbx1/2/3/4.20	0.786653253921125	0.0195483215216745	0.900643443009536	0.278780193809065	0.0225081158307167	0.620311304529591	0.0335631464418137	0.100568095319241
Lhx3/4.10	0.936385498250199	0.183008008536937	0.555579372722177	0.350269327679291	0.00836062479120674	0.900255813952459	0.351593387664276	0.456435602353813
Myf5	0.394917319593035	0.685277805931329	0.822754909043923	0.0702100124178504	0.0326786628232624	0.3736146639274	5.37615502097606e-06	1
Sox13/5/6	0.385463600148983	0.0129583679772392	0.468583471033353	0.153868113897096	0.135649564864916	0.931033168206833	0.00673828685634021	0.00188071179362823
Scrt1/2.2	0.574608433966908	0.327591778369286	0.335403984419307	0.430367410756394	0.368971768165292	0.0928137811919634	0.149532814748979	0.516864377903305
Bach1	0.0271129012946142	0.766310032628142	0.757600106679784	0.680015814531419	0.0452192603657679	0.888634064510873	0.00318394590860224	0.207632441464978
Zfp819	0.816359678341677	0.606135946838142	0.886461016441466	0.567826318630856	0.334096701238651	0.570298857972507	0.0217630956410554	1
Med7	0.0696057436543672	0.33015953268605	0.453687195497565	0.396982086461735	0.696971140907356	0.600517597841227	0.465901453758641	0.615609475776589
Sp1/3/4/5	0.000770629150889656	0.230828812783478	0.0151666676268006	0.710050801049465	0.485323662595965	0.0214046002964838	0.0888636119485205	0.167017823652748
Hand/1/2	0.411323675837895	0.319868977051719	0.581335126073628	0.519760284690794	0.162351446611275	0.639133104794942	0.0267984235261277	1
Irf1/10/2/5.1	0.177354810464695	0.830552880385963	0.858982346788314	0.692092267040451	0.337443148436932	0.54489633995211	0.862790532674346	0.60660012240267
Tefb.12	0.845954986679634	0.209856057370169	0.565701438688474	0.847950658438943	0.146330606729445	0.625287563092138	0.402339620332759	0.00669233891805731
E2F7/8.2	0.592949826640922	0.84275322346495	0.0084056374557616	0.941580341002974	0.119875424186074	0.708951641243199	0.00133819864024952	0.263738518888997
Gmeb1/2.12	0.449821896482252	0.1362897260997	0.871986332590509	0.885891267945462	0.942232910011672	0.854996496250211	0.497215249534189	0.43671702304967
Elf2.21	1	0.709510129252477	0.700019266477399	0.353044442075469	0.835411703978305	0.29300536956331	0.880620555889641	0.500476749399132
Tead1/3/4.2	0.5428933019378	0.24579050345994	0.00618911736783183	0.74794918476208	0.745234138817786	1	6.15115817364619e-05	1
Cdx1/2/4.3	0.48489533797899	0.0232032296209831	0.87195617693973	0.388686530673195	0.771841791725308	0.393950194718241	1	0.756146315759904
Snapc1	1	0.694269984908864	0.647348518522493	0.486018182588413	0.37782671468466	0.711327297983069	0.0988680156339421	0.704443285002793
Hoxa10/3/9	1	0.00619716513878709	1	0.754697962689854	1	0.184281183424477	0.705455811343899	0.648329893122412
Tfap4.4	0.63603677847919	0.108461162351217	0.0568364008745154	0.116151102719251	0.552889998583237	0.317567547509697	0.392816257043621	1
Alx1/3	0.131737771722503	0.00539838743058306	0.238332815028449	0.886282593600538	0.613373759415756	0.301979381394948	0.639314766501427	0.35052738280717
Smad1/5/9.2	0.215100965377916	0.931238227648558	0.351822455729152	1	0.288388811778663	0.807638948227369	0.780754139080825	0.0355266371593267
Gabpa	0.362558185969028	0.815534585540727	0.517761999738494	0.489991522540678	0.727553709158507	0.883445634273729	0.0512406186543455	0.572031430224318
Nr1h4/5	0.735623284996988	0.000646787497599406	0.310719395829114	0.677267910751129	0.0349315309423821	0.859459771263551	0.000610737813578811	1
Celf1/2	1	0.74667974247174	0.384377916989553	0.720496496734471	0.8563756878155	0.0477484373555101	0.602486953637545	0.17366240518806
Hoxa5/6/7	0.947738569072733	0.0192169219263418	0.0391773814448598	0.168333507070838	0.624264429129641	0.536255735914453	0.0677353345013612	1
Msx1/2/3.3	0.705584906557219	0.123810733610576	0.0269838907108915	0.312892235180947	0.308015589447852	0.356063719171382	0.572072276285475	0.735589511841906
Nr1h2/3.3	0.667260754643528	0.472501986025334	0.552753535069809	0.595263801478334	1	0.142588630830391	0.0154588463993476	1
Myf5/6.1	0.811472598306676	0.0295966686751477	0.00927936633153544	0.0218133585725969	0.0146906689408125	0.0164657398876371	2.07304075174712e-19	0.375196978938065
E2F/1/2/3.1	0.137058633568831	0.535288332101967	5.73483988056733e-05	0.702144583696765	0.643641599320197	0.269599824706828	0.265494421493692	0.00769398534548357
Cr855307.2	0.871783164321506	0.85727295950827	0.0619059100083555	0.0891887117826856	0.919691114084196	0.611554183836141	0.663090293133681	0.512267594537926
Creb3l1/2.9	0.961559239453387	0.830148720143116	0.0500604764301555	0.812172724909144	0.0162207029832289	0.288887726131733	0.0106426788452098	0.0202701773701073
Pabpc1/2/3/4/6	0.429735767726027	0.0376363828764048	0.28932527005949	0.0508372419783947	0.42060316165476	0.598672299190348	0.0143224596938581	0.337479461473234
Myf5/6.2	0.746339634094759	0.044599916082147	0.0047869241524154	0.0869088310058818	0.133900183018972	5.57160886163735e-05	1.67877711848899e-20	0.804678857203497
Rbpj.11	0.0119392900615386	0.133569365590334	0.0202231390184742	0.762661947133462	0.760488234677724	1	0.226458108741256	0.411873264257439
Pou4f1/2/3	0.661292662972704	0.935237939613034	1	0.52811145755146	0.52340751592005	0.646106068523382	0.512093806680384	0.330545243030102
Foxf1/2.1	0.541984521531747	0.0076231625243936	0.717301044793066	0.390728119332883	0.0341944586081436	0.218023356517101	1.16639142034085e-06	0.12951860722938
Ssrp/1.1	0.453842595685596	0.80283416457485	0.782161360528001	0.580045822498555	0.00266712889916689	0.937490245533028	0.346572220098656	1
SI:DKEY-154P10.3	0.681825504994846	0.927223292630625	0.820161640640879	0.839290028841228	0.472948392283505	0.731406565924306	0.507629282761809	0.265550948260281
Six4.25	0.0363539897468841	0.629085864347757	0.770721515460582	0.733361054609605	0.376015763182186	0.71011527343579	0.22828498705493	0.833227401967165
Bhlha15.1	0.82146401229539	0.3149178704774	0.297428277976116	0.354704080628318	0.222946608015654	0.694344921775044	0.787201001442795	0.426010554602918
Irf3	0.0714940037783781	0.855325503016572	0.337792498446207	0.736336547157787	0.376673326986637	0.457266334361132	0.259341325693874	0.080024463237043
Zkscan1/14/17/2/3/6	0.613025102234676	0.925260623578561	0.436681721624082	0.835383812401713	0.753006641485847	0.724981147365182	0.364182796946424	1
Caup;Irx-C.23	0.607028654129347	0.0575644654406712	0.0511006017457134	0.177381120243528	0.0112282209447403	0.108703596961942	0.00054287451105833	0.0967028588373607
Usf1/2.17	0.700870976568205	0.296040796896264	0.069676912650201	0.225937349162977	0.00561063047680486	0.210804227659545	0.421193356222296	0.909467511580777
Yy1/2	0.0761886573616029	0.0861155763294517	0.12559002564446	0.832714207887539	0.521323071332934	0.810899260887027	0.23791893687589	0.0310950231118398
Crol	0.486632392541477	1.72998400576654e-05	0.368673922038175	0.000303694528116925	0.0323191880038994	0.206566012247999	3.68575397174209e-09	0.0621426417340979
Zfhx2/3/4	0.405288732944852	0.279974738092283	0.654023187682445	0.932057004891716	0.489410233297594	1	0.384396282523865	0.713333333727661
Rorb.10	0.795177085312712	0.884683872381953	0.278558060331932	0.747427557027873	1	0.496081030166231	0.726256137411293	0.474184317652905
P53	0.057054398468305	0.253410074921334	0.464684680995482	0.241870655324654	0.694120925787867	0.0969916335195588	0.01547022482331	0.525354260881672
Atf4b1/2	0.0756793473380419	0.0388642246358996	0.0179046090260738	0.0586266788728345	0.0783684240317327	0.262699148906183	0.000217257988085586	0.146354125447823
Foxs1	0.356934482050289	0.00573137700271531	0.873178932341902	0.319759399973505	0.000920607877691886	0.30511251591359	0.000153239506929881	0.444471306184969
Foxn2/3	0.287627800626485	0.502738504323219	0.566771710086496	0.776440199957845	0.825287461043217	0.128169219953962	0.0053550973490135	0.0474356159088684
Met31/32	0.95128418145097	0.541092966214131	0.910202767591589	0.707030415152083	0.594496118713469	0.0732578869056556	0.621832675410097	1
Six1/2.3	0.0363539897468841	0.629085864347757	0.770721515460582	0.733361054609605	0.376015763182186	0.71011527343579	0.22828498705493	0.833227401967165
Hes1/4/5.5	1	0.152813332601995	0.843300845829446	0.692131677393038	0.256591106642596	0.287488835596047	0.885379499428214	0.251395819748832
Bsh_chick	0.841467916751125	0.0662662580907707	1	0.621821644100006	0.0210907470494285	0.875184243876436	0.857610783404522	0.503293986435141
Batf/3	0.546466884621825	0.153727189842604	0.403106542931723	0.576626036132334	0.638101512713069	0.0973610817866013	0.63580383425097	0.839280365587166
Tcf12/3/4.13	0.113894997097981	0.679196901643269	0.606669998158476	0.252360291853221	0.907778674907007	0.329969909071039	0.243983174629035	0.137883403702629
Hnf4a.22	0.406614978832691	0.801149232707231	0.365887649723742	0.402597945449589	0.397004057315587	0.0576797018668728	0.119773933930847	0.542108323052502
Msgn1	0.328737064837131	0.561839827400059	0.433597491372673	0.334197783889366	0.807878684913875	0.0113589302045167	0.558219819882024	0.860966039567351
Tbx2/3.3	0.0535739739167984	0.474481188978744	0.0174191182131177	0.0525353888182119	0.181652781751574	0.231747608331754	0.65376146944044	0.84951343123244
Barx1/2.21	0.766242030779218	1	0.890861248802679	0.359059772804612	0.643093909027512	0.876290569428348	1	0.548048318822705
Nf1.2	0.262507197682275	0.586047866412887	0.300698672302306	1	0.222266357965306	0.379203014449539	0.346095275398351	0.457173743094046
Isl1/2.23	0.474809395410436	1	0.47459105894194	0.825585246069089	0.0746669743411117	0.212223689677013	0.0477933904720377	1
Gata2/3.101	0.776496587379566	0.00585930900413454	1	0.351005572389905	0.812865260295756	0.2744499199793	0.147643995687489	0.448519058732877
Fli1	0.564408190592433	0.200565102526887	0.905977330775204	0.430183561228149	0.472559558839469	0.0442984156766527	0.206320582188143	0.864299229461329
Pou2f1/2/3.16	0.809586558828738	0.0121098191461666	0.823841739461926	0.42752413901725	0.132700012000877	0.0641062730905835	0.0827619698618748	0.668532500603038
Rfx/1/4.1	0.655850834926627	0.620136416387243	0.79712870971897	0.731415786389326	0.626804806304485	0.414089313384659	0.652877819691093	0.455969304956418
Bcl6	0.696861432671765	0.728306214791997	0.828934193717307	0.335580206356294	0.119684646606119	0.326726401060003	0.327501462105496	0.836118283725386
Elf1/2.1	0.0678438482984315	0.0123351020808588	0.00224413501603826	0.665631404296078	0.0539350368586521	0.941516474722464	0.088592840638391	0.707945376405787
Cic.1	0.0505134532667684	0.888339603200328	0.268231409698989	0.139311135590512	0.479950051012126	0.322407073143261	0.0148475563423089	0.734937945080165
Pax7.4	0.665407515320245	0.847257537067687	0.379261508932289	0.286860483907835	0.236619337437419	1	0.214778505503768	1
Ehf.7	0.297300290455217	0.245946780614127	0.836598490724981	1	0.266188121422993	0.0349329877248423	0.422860907391215	0.42741093571172
Prox1	1	0.157901971931734	0.0796521375564873	1	0.428718918006192	0.791174221671154	0.424769057958973	1
Gsc.2	0.137574367807261	0.420745105564135	0.00185743364410996	0.655360860410955	0.148816157730161	0.0952583534302364	0.672619569821561	0.101125550911671
Rif1	0.0183572398468629	0.0186808730593888	0.665897785207198	1	0.10542858836965	0.53812468384805	0.34239927067371	1
Camta/1/2	0.701385417961582	0.200569718074344	0.767891654934768	0.874781492844102	0.000235992267147768	1	0.0582964410326938	0.301991484763811
Xbp1	0.0943345177410931	0.120900291720448	0.503948525943691	0.192128523963618	0.211406441876744	0.0227327805210685	0.841390509603557	0.0364194624095241
Erf.1	0.0678438482984315	0.0123351020808588	0.00224413501603826	0.665631404296078	0.0539350368586521	0.941516474722464	0.088592840638391	0.707945376405787
Fli1.2	0.851868851511961	1	0.565506288394148	0.701355848111557	0.876662400378533	0.396796934793218	0.78021176878038	0.616523054649947
Ci-Hsf	0.162245727381245	0.64777698581311	0.00986523705311556	0.542915346895057	0.608260358053839	0.492571406059547	0.0147041127871809	0.661527846528029
Otx1/2/5.1	0.371999908665046	0.372301907176775	0.563361864288804	0.377039018118968	0.824130262419074	0.00140367116688107	0.148652715582821	0.635994793371742
Nfya.6	0.0812985685478524	0.239360533796363	0.772630753686911	0.569148987662828	0.066171187454439	0.00247416443723159	0.0918900250352036	0.321397650337584
Foxn1.1	0.43594393610064	0.094786456629568	0.537742299290392	0.336694480220903	0.0611964259464546	0.180425050871794	0.272249595771938	0.457057740427889
Tcf7.76	0.60374847554032	0.700020610270673	0.0162410079908276	0.454359709060494	0.590630764100643	0.587428098730704	0.243637871821765	0.251112588161645
Twistnb	0.491365720222683	0.283501138534252	0.309256933979961	0.932349144693655	0.863921918203969	1	0.00445787767648872	0.579418596301359
Foxm1.1	0.603655959482418	0.418855608762942	0.0164300953640419	0.305432931741239	0.437666162454409	0.479718808282296	0.102625400406255	0.0373059272270567
Salm	0.325228574784046	0.0761562870432495	0.441491094857766	0.305418015667983	0.298821541545573	0.691555299681186	0.307618945892611	0.419414897237248
Rx1/2/3.1	0.782292856793604	0.109597451664913	0.332385043762311	0.682553896115874	0.679836160240277	0.953901702153875	0.320869216160943	0.373795909335612
Emx1/2.1	0.770607072978271	0.913855943173347	0.308744152454573	0.298838113972411	0.0577512849675922	0.865277989494117	0.180641995165097	1
Max	0.0939190464218108	0.00186039460738088	0.0530966915470068	0.329169894153724	4.03159345177669e-07	0.000249243757911517	0.0601005008969464	0.455731002771881
Toe1;Egr1/4	0.633684690737209	1	0.110203830436474	0.7131551144042	0.264891676761827	0.0246777802702936	0.668609192437401	0.0376921429000432
Znf367	0.372845111873034	0.350399303629381	1	0.0138791310085224	0.793760783096123	1	0.322750996884522	0.326003600661627
Nkx6-1/2/3.15	0.936385498250199	0.183008008536937	0.555579372722177	0.350269327679291	0.00836062479120674	0.900255813952459	0.351593387664276	0.456435602353813
Nfic.20	0.221909649297439	0.597495738654704	0.490640721239478	0.737972663398707	0.10822201413754	0.887004028290928	0.0281561019297224	0.367595233434076
Cir1	0.449884692230237	0.825003334008614	0.0718298840116015	0.00275763116030728	1.9565265380608e-05	0.338054464940029	0.00100791999502134	0.243961184570554
Foxg1.2	0.594197496961103	0.45264969723419	0.622567953165892	0.82670396483921	0.0765617666432114	0.00119610467099634	0.00269952430797206	0.849804987569767
Tcp1	0.151928201202152	0.305438298329556	0.924777284502289	0.0587358394054283	0.1262021030648	0.452601030631977	0.463984788232015	1
Jun.19	0.184095030948604	0.024346766784364	0.0113440801511397	0.420402890652529	0.148667621666001	0.200431614577952	0.000111880680520542	0.160283595548614
Znf410.1	0.0125067283156548	0.0157004016558814	0.395422239302454	0.627082434265142	0.512875720850621	0.370885387064831	0.0674784477879246	0.860034612412755
Arnt/2.30	0.629122481813796	0.62210997378528	0.47980217400107	0.0195018482615112	0.0789237368287793	0.800301123736854	0.0153799108145206	0.74707663345334
Nfil3.2	0.197046494214192	0.666751004558283	0.135866173373917	0.873462901361315	0.809401749118381	0.839353102202241	0.816657089605617	0.730323267350435
Foxe1/3	0.870056692358571	0.715909663491267	0.571024698042393	0.289573883903087	0.221261724745797	0.493399517476695	0.0912989218130509	0.189440664543154
Glis1/3	0.298190616281794	0.760974198320784	0.478921805447501	0.00838362490069626	0.682708619608169	0.954281055108883	0.238242242969006	0.465629177687612
Klf5	1	0.463512388353862	0.319769402433672	1	0.117278909083019	0.0447404869166477	0.0676819684548716	0.0234124642190562
Dmrta1/2.2	0.455026408432983	0.282686768534453	0.621150864269936	0.0644867805892387	0.790096559285964	0.910741719827293	0.847564158894377	0.249011790143722
Rfx/1/2/3.8	0.476660209125759	0.634546840680644	0.644752360185568	0.930079621954838	0.213451143995762	0.822753072369937	0.5219585704201	0.338741443410733
Nrf1	0.526184179607259	0.638301563829092	0.732830044347509	0.0367370031789213	0.692642229213752	0.955880374321964	0.0411502566475048	0.571165548226491
Pitx1/2/3.4	0.320052874643679	0.112066371544952	0.421812524682474	0.0778365619315406	0.756901754516919	0.269322402905428	0.615692889584002	0.322743741193526
Met31/32.1	0.380213438689808	0.844812154700662	0.0514664658533347	1	0.584278498057815	0.0970511933225729	0.30513929405793	0.477679094938709
Onecut/1/2/3	0.769720312267479	0.913521140702158	1	0.904231901023406	0.329162011688978	0.219135085879516	0.483146025377618	0.597008567156863
Nr5a1/2/5.40	0.820321928161199	0.042764557629432	0.88878937408447	0.401460624791218	0.155981057266678	0.176983751852398	0.276705629474648	0.540732988362867
Zic1/3/4/5/6.4	1	0.820443593256463	0.000199096607080412	0.24033002885754	0.552472442114029	0.0082300317623823	0.179044907505006	1
Zic1/3/4/5/6	0.686251325061487	0.940245740742035	0.575792277366317	0.677787939393482	0.501940322105161	0.480820547924092	0.364220988447675	0.276418588001997
Zic1/3/4/5/6.1	0.0301144868050265	0.00698816665867979	0.538621464862898	0.918105958223374	0.533074202332555	0.485784796636937	1	0.501259638000203
KH.L149.36	0.731793903550285	0.492737043961546	0.703681506873674	0.0752303576527251	0.493448996434773	0.0723085637116476	0.901913763974484	0.027458809817815
Smad4	0.632782692944964	0.337964701014102	0.216294226731863	1	0.475505184530862	0.689082697784805	0.441618125796179	0.298279253229365
Hlh-4.5	0.944779766020413	0.488263381465837	0.305925842249731	0.0720088703328012	0.729601398134274	0.14681556454083	0.15211147311444	0.264928103746602
KH.C6.110	1	0.137147417359602	0.393553340192335	0.206254041677221	0.797710856947326	0.132936148773702	0.0209972330542714	0.588854649386252
Kdm2b	0.434441688812252	0.663316137878065	0.0961067179863845	0.923222755352918	0.845282389433145	0.805729630473033	0.182322411272304	0.397670859170049
E2F2/4/5	0.0326952339027725	0.117871622082002	1.5815506775044e-05	0.331858074083126	0.362657383531405	0.444389131125744	0.24628649379751	0.0232482534513077
Spib	0.0215409856750891	0.18876729075701	0.762032326295206	0.571136708130194	0.806241925460671	0.492183408306095	0.596779755627516	0.860272893921289
Tcf7l1/2.41	0.864515188691001	0.703230658408252	0.753976587557333	0.209297618303249	1	1	0.444313380335618	0.0358105126255238
Gata4/5/6.1	0.371999908665046	0.196434739366134	0.322619136623532	0.32273182037933	0.7379985499202	0.0491258632948657	0.148652715582821	0.337956273976191
Foxo/1/3/4/6.2	0.107035874463585	0.343988477884299	0.836247173933217	0.167439684242742	0.0654895803071599	0.000251814445296191	0.00015442418845563	0.810860776413598
Ci-Pax2/5/8	0.827184891100373	0.247918629694322	0.245933385780429	0.281437000408137	0.891708710197303	0.36003245742097	0.185376423797494	0.465943297448331
Tfap2c.41	0.228877921292355	0.737837607659966	0.165255711769099	0.194984204441594	0.925281241751003	1	0.68553766840997	0.155385514279606
Zbtb17/24/41/48/49	0.801490563884261	0.575608279258148	0.816546495264551	0.534783414863088	0.210313427992178	0.218771964807328	0.940084606785214	0.823100417744952
Dlx1.65	0.936385498250199	0.183008008536937	0.555579372722177	0.350269327679291	0.00836062479120674	0.900255813952459	0.351593387664276	0.456435602353813
Lab	0.514159319256022	0.145688011656641	0.0156914437393435	1	0.477538948104052	0.200120556091902	0.883570257068777	0.508260109085906
Nfkb1/2	2.86968786386329e-10	1.30267967898499e-06	3.55713863978973e-10	5.82952901749803e-07	7.17435825089832e-07	0.00374434523746405	3.69430600542964e-20	0.370870665044928
Ci-eag/Hcn/cng-diverged_3	0.587680607565716	0.687134074647108	0.404440790855917	0.576331642280733	0.910306764504695	0.449326551128042	0.745233923437333	1
Gli1/2/3.6	0.751471716403836	0.0663285636117178	0.639631008821497	0.639681994740394	0.15498334040881	0.352624905816586	0.255302082769169	0.614130380261659
Foxp1/2/4.7	0.0327528121006956	1	0.25428310686973	0.628657401074361	0.142229495498857	0.317514932295784	0.338357823547646	1
Atf2/7.5	0.124492979866439	0.01525406474933	0.0996167607461893	0.0279498724107178	0.344683103474934	0.765803567612487	0.00182732822235825	0.00119942469378831
Eng1b.107	0.620187721146382	0.297612264985224	0.87865541146656	0.277162675203402	0.11438331788455	0.603519012960375	0.52042122053789	0.554732562784167
Tbx1/10.2	0.759061275052925	0.932000311984374	0.256560943732677	0.569464880582375	0.388530109671913	0.0537105239240907	0.0453744669223814	0.0605939514711294
Sox11/12/4	0.719356841755009	0.841580184772214	0.824991017851147	1	1	0.950038436066306	0.590867298328761	0.873573014591592
Hoxa10/4/7	0.246607544159192	0.13503157281029	0.0208576192701023	0.000381318092129891	0.128000370238408	0.250509805041492	0.0549603847007831	0.143783958603519
Hoxc13.1	0.859074835132353	0.197278620449877	0.323709116856129	0.583779853501298	0.267114264412566	0.641147754295908	0.471975588078241	0.469944475653716
Dlx2/3/5	1	0.854616859563206	0.494006485219424	0.4785438431208	0.0134101959065447	0.0847169927092368	0.767644302827639	0.824603787610763
Zip-3	0.442321892604641	0.0366925224164296	0.03669631928542	0.147894121799491	0.0381085396829847	0.893361113864472	0.00120053921566454	0.15523981920353
Sox15/17/18	0.60563219873592	0.666751004558283	0.135866173373917	0.52394969464877	0.809401749118381	0.839353102202241	0.271255255098959	1
Gsx1/2	0.139411607348063	0.0582047760391023	0.732872987409658	0.411577675217688	0.712742476887257	1	0.426137781668004	0.693619351715011
Ik	0.325228574784046	0.673543029975895	1.76045295356321e-05	0.640909595517772	0.0720593390500928	0.342051105317972	0.414564189460851	0.838819906837906
En1/2	0.367444894743195	0.0450261588293185	0.110476562300438	0.853395481481407	0.260953403520387	0.180890419887805	0.839732122617227	0.839816966870142
Nr2f1/2/5.18	0.200872430326962	0.129883643177961	0.269105475630587	0.430549302343755	0.231223161997147	0.357217841785061	0.251420547315064	1
Hand1/2	0.737358996993817	0.594309053891488	0.000552922175058478	0.237343263315637	0.135784494945052	3.02099386126337e-05	1.17750954426516e-17	0.442138660890943
Dmrt2/3.23	0.744355143135971	0.202698223973506	0.939837516369011	0.421456408194214	0.359833109370623	0.669202447471394	0.941520377851717	0.66460719167925
Rest	1	0.928379686329041	1	0.028112031759788	0.0693310939830036	0.932686687332277	0.00461802374072428	0.513140964317691
Cr848757.1	0.643271511594042	0.00188683036717731	0.225981318641678	0.505436419234097	0.335697836932924	0.0631417514684968	0.405856902303314	0.213944965727292
Nr2c1/2.6	0.922552573731232	0.194401371573419	0.787735403169201	0.718819899517553	0.276620052803903	0.155316848575274	0.432270390025958	0.794814735650955
F1Nm26_chick.3	0.962082681888682	0.915767098161361	0.455592275415795	0.906674777822374	0.109546995472011	0.0463750290266208	0.370130909236311	0.899619682086071
Ctcf	0.0783221237894413	0.513647764647718	0.870830997479338	0.192637861877131	0.0570948800083734	0.26889391942622	0.460985789890028	0.208575176619162
Elk1/3/4.2	0.246650504111451	0.853931931178776	0.592759019068755	0.413645834413851	0.679105133697502	0.487410019163561	0.503938142917927	0.376217878963881
Xbp1.2	0.747972243903118	0.47453051277866	0.655926247116598	1	0.0323928623263765	0.910712317314997	0.772809712685901	0.000137593125571439
Foxd1/2/3/5	0.627818437714887	2.17051327245475e-11	0.0123556512113864	0.0320669325468552	0.208110850975463	0.00594517225386049	2.49989470080203e-05	0.829193116844009
Foxd4l1/2/3/4/5/6.54	0.938979524683163	0.173221286506599	0.724227984354459	0.155863449082368	0.703614659108867	0.262541086616967	0.0986705949321112	0.0617661230325837
Foxl1.1	0.900941070411155	5.82241256104489e-05	0.0441737970261307	0.466017064362912	0.214854003821995	0.267858435803535	3.73303652705438e-12	0.00270530935020657
Foxi1/3.1	0.590933529776777	0.00889083206848067	0.419875574452117	0.803640655297684	1	0.778389600305537	0.0157566519680587	0.858949161099966
Foxi1/3	0.372448526489076	1	0.272193272614204	1	0.596500937505825	0.688852451283719	0.0075512106432805	0.57188843211031
Foxi1/2.1	0.678579551170249	0.0243844448300807	0.180517351899082	0.949124493314409	0.061319357280402	0.870819933100313	0.000160148859926464	1
Nkx2-3.4	0.291676849342661	0.189923116647188	0.0587658828944568	1	0.216647902190331	0.436046679757548	0.616583366802314	0.0685351043107213
Hmx1/3.15	0.607227178571696	0.0978598978651342	0.290929882667935	0.672209184331183	0.886835433600558	0.436296116381862	0.199570095901127	0.759254299848596
Ppara.5	0.820321928161199	0.042764557629432	0.88878937408447	0.401460624791218	0.155981057266678	0.176983751852398	0.276705629474648	0.540732988362867
Pax6.1	0.353507842247548	0.00744017407646769	0.886521205477388	0.849113506382826	0.334821637698756	0.570934743206821	0.0316182715110126	0.404737539690409
Tbx1/15/18/22	0.000723818467609449	0.220622504127857	0.0141034338089188	0.338049845203198	0.0751974183401984	0.945914402286093	0.00882686419353373	0.602006692120225
Abi3bp	0.233356279611173	0.48004285288617	0.123692352892966	0.769760207865779	0.275516358810762	0.360238669310731	0.392264066137584	1
Klf12/3/8.4	0.154472150780331	0.153880709959072	0.357684293328921	0.661350960224045	0.723120107491863	0.23332760357888	0.110157666260602	0.445111548482037
Lhx2/9.4	0.782292856793604	0.109597451664913	0.332385043762311	0.682553896115874	0.679836160240277	0.953901702153875	0.320869216160943	0.373795909335612
Rxrg.18	0.154542224267182	0.403893339652888	0.835436795871852	0.579983237821804	0.640528090910962	0.0706179274604665	0.590593629429738	0.84001238686686
Lmx1a.5	0.936385498250199	0.183008008536937	0.555579372722177	0.350269327679291	0.00836062479120674	0.900255813952459	0.351593387664276	0.456435602353813
Lmx1a	0.3850065702559	0.0634891394349208	0.203817470953336	0.656029277577164	0.321166232590288	0.150444757400552	0.948209526516656	0.174058615564342
Foxh1	1	0.372447268497964	0.62221189234448	0.869111139732291	0.867739036004017	0.184135322405511	0.904601356381967	0.859021300586305
Rarg.26	1	0.853931931178776	0.220329970013627	0.609020257919203	0.0387614286956727	0.862255615868942	0.551574565988315	0.823865421104505
KH.C9.626	0.856549575626278	1	0.738656628625059	0.823632802735307	0.430844662658542	1	0.168056798785932	0.631677909215926
Srebf1/2.6	0.41400547008236	0.093166566235374	0.561747641856546	0.16368994366777	0.814396991260719	0.323543403334084	0.0481747950714103	0.736277298873431
Nr4a3.2	0.45714882981503	0.854135884077036	0.252306604991739	0.414581571097509	0.100007741498622	0.166217049212575	0.158587771711689	0.824212378259486
